108 11 3 9 8 126 82 83 32 122 28 25 78 76 74 73 71 70 69 96 109 104 125 113 66 55 5 14 31 12 20 72 68 85 87 88 86 26 39 40 93 127 98 97 123 95 116 60 62 59 90 13 51 30 27 80 117 84 81 75 77 18 19 23 24 4 22 21 17 79 101 102 63 119 110 67 61 91 58 64 100 10 120 7 2 16 1 105 15 6 106 114 115 50 52 65 99 92 89 124 45 103 48 94 112 111 107 46 118 54 57 121 56 47 49 53 44 42 33 29 38 34 43 35 36 37 41 233160
29 26 79 117 126 82 119 63 98 97 127 107 92 99 65 112 111 94 46 118 1 7 105 9 18 84 81 88 104 59 62 115 50 93 95 40 36 35 57 54 53 49 47 121 16 14 41 30 42 39 37 2 5 52 64 91 100 114 12 101 102 83 21 17 22 4 24 15 106 6 108 23 19 72 8 67 73 74 71 70 69 109 96 75 76 78 25 33 122 28 123 38 34 43 20 11 3 116 61 60 90 13 56 124 55 66 125 89 113 58 10 120 44 103 48 45 51 27 31 77 110 87 86 85 68 80 32 260768
71 110 104 86 85 77 26 38 34 43 12 20 17 21 22 4 108 6 106 105 7 103 111 93 95 123 42 39 122 97 32 29 96 109 87 88 119 63 101 102 83 82 126 81 84 78 18 19 9 3 60 59 68 75 76 74 73 67 116 64 58 100 10 120 114 11 24 23 8 72 31 27 30 41 14 2 51 37 36 40 35 16 1 13 50 5 56 52 124 47 118 48 53 49 55 66 113 65 99 92 89 125 62 61 91 121 54 94 112 107 46 15 79 80 70 69 117 25 33 28 98 127 44 45 57 115 90 233160
59 104 99 92 89 125 118 53 124 52 115 8 110 87 109 96 117 78 80 33 26 30 41 56 94 111 93 95 35 16 1 13 50 121 57 51 2 37 36 43 34 42 39 38 27 31 12 14 20 19 72 76 75 69 70 68 73 67 62 61 91 58 90 60 116 3 9 11 114 105 15 106 6 108 4 22 21 17 18 74 71 85 86 88 119 63 82 126 83 98 101 102 81 84 77 100 64 113 65 66 55 49 47 5 7 79 25 29 32 40 54 45 103 44 28 122 97 123 127 107 112 46 48 10 120 24 23 235248
103 45 44 40 43 30 41 14 1 114 106 15 105 120 115 50 13 7 8 67 110 85 86 87 88 76 78 34 42 122 97 123 95 93 127 107 98 82 75 117 101 102 63 119 69 68 73 72 4 22 12 31 27 36 48 94 112 111 46 118 49 53 47 54 57 51 121 56 52 64 58 91 61 62 60 90 10 6 108 24 23 9 11 3 100 113 89 92 99 65 66 55 124 5 2 16 37 35 39 38 26 20 19 18 74 71 125 104 59 116 83 126 70 109 96 81 84 77 21 17 79 80 25 29 32 33 28 231536
52 124 56 5 50 10 59 125 113 66 55 46 112 94 49 53 47 54 35 36 14 20 78 76 126 81 84 117 32 29 122 28 26 2 13 90 73 74 31 27 30 41 37 51 121 91 61 60 116 3 9 12 43 95 93 127 98 123 69 96 109 88 86 110 71 68 67 8 72 19 6 106 114 1 16 7 120 105 15 108 17 21 22 4 23 24 11 100 58 64 65 99 92 89 104 85 87 70 79 80 38 39 42 44 103 45 48 118 107 111 97 102 101 33 25 34 40 57 62 75 119 63 83 82 77 18 115 248240
63 75 117 102 101 32 29 28 122 38 34 30 41 37 36 44 93 103 45 121 5 100 3 90 116 68 70 69 76 78 4 7 115 48 94 112 111 107 127 98 97 123 95 43 14 105 120 10 62 61 58 64 113 99 104 85 86 87 110 71 73 74 77 79 80 26 27 31 12 1 16 2 51 57 54 53 49 47 124 52 50 13 15 20 22 19 72 67 8 23 24 9 11 114 106 6 108 17 21 18 84 81 126 82 83 25 33 39 40 35 56 55 66 65 91 60 59 125 89 92 46 118 42 88 109 96 119 230608
7 120 114 9 72 18 77 79 80 26 33 38 41 14 12 62 59 89 92 99 65 113 66 45 103 93 127 97 32 117 83 98 107 111 112 125 104 85 86 87 88 109 110 100 52 124 55 46 118 49 56 27 78 84 81 82 63 119 96 69 75 76 68 74 73 67 60 116 90 3 10 115 13 51 2 35 37 36 40 44 54 57 121 5 50 16 1 105 15 108 23 19 8 71 70 61 91 58 64 47 53 94 48 28 122 42 34 30 20 106 6 21 126 102 101 31 39 25 29 123 95 43 17 22 4 24 11 244064
35 11 9 3 65 99 92 89 87 88 119 63 102 101 83 82 126 81 84 75 96 109 69 70 68 67 116 90 120 16 37 36 38 42 45 103 94 49 47 66 10 15 8 74 76 78 117 32 29 33 25 123 95 93 127 98 97 26 27 31 80 79 77 18 21 17 20 22 4 19 72 73 71 110 85 86 104 125 113 64 58 91 61 60 59 62 100 52 124 5 50 115 13 7 105 114 106 6 108 23 24 1 2 51 41 14 12 43 40 57 54 44 28 122 39 34 30 121 56 55 46 107 111 112 118 48 53 214136
85 68 73 113 66 55 5 56 121 2 67 110 104 125 89 99 112 94 103 40 42 34 39 38 33 28 29 32 26 35 57 54 51 37 36 41 24 4 22 20 12 43 93 127 95 30 79 69 119 109 71 74 72 8 23 11 9 3 58 91 61 62 60 90 10 115 13 7 105 114 106 6 108 17 21 77 18 19 15 16 50 52 124 47 53 49 118 48 46 111 107 98 97 123 45 44 101 102 83 82 117 25 122 78 75 76 80 31 27 14 1 120 100 64 65 92 70 96 63 126 81 84 116 59 86 88 87 257056
