41 77 78 7 23 22 2 1 11 12 43 44 45 48 47 46 40 18 17 16 13 14 91 92 94 99 105 112 113 114 49 51 65 20 21 89 90 98 97 96 95 100 102 131 132 134 140 136 130 122 119 116 88 83 85 86 109 108 81 4 3 5 6 24 25 36 35 26 27 29 28 30 58 54 53 52 55 56 57 61 62 63 64 66 67 68 69 70 71 72 73 74 75 76 39 38 37 31 32 33 34 50 80 79 82 84 110 107 106 111 144 143 142 141 139 138 137 135 115 133 129 128 127 126 125 124 101 103 87 59 60 104 117 118 120 121 123 93 19 8 9 10 15 42 203550
53 50 49 144 143 128 127 121 90 74 72 71 73 80 57 54 55 56 59 61 62 63 66 45 44 43 40 39 38 131 141 142 138 136 82 3 5 6 24 46 47 48 36 35 4 1 2 28 29 83 84 86 113 114 31 32 33 34 30 27 26 25 23 22 37 19 7 8 20 21 18 17 9 10 11 12 15 16 42 41 70 68 69 77 78 89 91 92 93 94 97 98 99 100 101 102 103 106 107 135 137 139 140 110 105 104 115 132 133 134 130 129 126 125 124 123 122 120 119 118 117 116 95 96 14 13 75 76 67 65 64 60 58 52 51 112 111 109 81 79 87 88 108 85 190000
134 132 115 23 22 24 25 57 56 114 106 107 109 108 88 87 89 92 91 78 77 76 44 13 12 6 3 1 28 26 30 31 32 34 53 54 55 83 82 80 79 60 59 37 20 18 17 42 75 74 72 71 73 94 95 96 97 90 99 123 122 121 120 119 117 116 118 124 125 126 127 128 129 130 138 140 141 144 143 142 139 137 136 135 110 86 85 84 81 64 65 67 70 93 98 69 68 66 63 47 46 48 58 52 51 27 35 16 14 15 41 40 39 38 36 5 4 2 29 33 113 112 111 49 50 45 43 11 10 9 7 8 19 21 62 61 100 101 102 103 105 104 131 133 189200
12 11 10 4 50 51 52 53 41 42 15 14 13 43 70 69 68 65 46 30 34 33 49 144 125 124 123 92 91 75 74 116 117 120 119 118 8 7 1 2 28 27 23 18 21 40 39 38 56 57 80 76 67 66 59 48 47 60 106 135 136 137 138 139 140 141 142 143 133 132 131 115 134 130 129 126 127 128 102 103 88 87 85 84 83 82 81 79 61 64 63 62 100 101 99 97 93 94 95 96 98 90 78 89 104 105 108 109 107 112 114 113 111 110 86 22 19 9 6 5 3 32 31 71 72 73 122 121 77 16 17 20 29 58 54 55 26 24 25 35 36 37 44 45 236700
46 60 61 63 62 88 134 133 131 64 69 70 20 8 7 9 6 4 5 37 38 40 128 127 120 93 94 74 73 91 92 111 114 113 112 89 41 42 43 44 45 71 72 68 67 66 57 58 48 47 39 21 18 16 15 22 23 35 107 106 95 96 97 98 90 99 100 101 102 103 110 86 85 84 83 82 80 81 56 55 54 53 52 51 50 49 34 33 31 32 30 29 28 2 1 3 25 26 27 139 140 138 137 136 135 130 122 119 14 13 12 11 10 19 17 76 121 123 124 125 126 129 132 115 77 78 87 109 108 105 104 116 117 118 75 65 59 79 142 143 144 141 36 24 234800
53 139 143 144 113 114 112 111 86 80 79 60 48 47 44 43 42 41 69 70 21 18 17 16 15 11 10 8 20 61 132 138 136 127 123 87 81 58 50 31 34 35 37 14 13 12 5 1 28 82 78 89 90 98 97 96 95 93 92 91 45 71 72 68 67 66 65 63 62 64 77 76 75 74 73 94 99 100 101 102 103 88 104 105 109 110 108 107 106 116 117 118 119 120 121 122 124 125 126 128 129 130 135 140 141 142 137 134 133 131 115 46 27 29 2 3 6 26 25 24 23 22 19 7 9 4 83 84 85 57 56 30 36 40 39 38 59 55 54 51 32 33 49 52 196100
111 114 113 112 116 117 118 119 120 124 125 126 127 128 130 100 101 39 40 62 64 78 89 88 105 104 115 131 134 133 132 63 65 66 70 77 76 72 45 15 11 9 8 20 24 25 28 1 30 32 31 36 21 41 42 38 59 60 136 137 138 139 140 142 141 135 110 109 108 80 79 81 82 83 84 85 86 107 106 103 102 129 123 122 121 99 90 98 97 96 95 94 93 73 74 75 69 67 68 17 16 18 23 22 6 5 4 3 2 34 33 46 47 37 19 12 10 7 29 52 51 50 49 144 143 87 91 92 44 13 14 43 71 61 48 35 26 27 58 57 56 55 54 53 203550
117 50 34 32 113 112 144 142 140 139 128 127 130 138 137 136 103 102 96 98 77 62 59 47 37 39 11 12 43 44 66 65 67 69 90 116 120 121 122 124 125 134 132 131 104 106 109 110 86 83 82 81 80 48 21 16 15 13 14 24 25 36 35 26 27 28 29 30 46 60 58 57 56 55 2 1 3 4 5 6 9 10 7 8 19 20 18 17 41 42 45 71 72 74 75 78 89 99 87 88 105 108 107 111 114 85 84 54 53 51 52 70 76 73 91 92 93 94 95 97 101 100 61 68 64 63 40 38 22 23 135 141 143 49 33 31 79 115 133 129 126 123 119 118 214800
40 39 38 102 103 37 23 22 24 27 34 49 52 53 54 57 110 139 143 141 138 137 136 130 129 132 113 114 112 111 83 82 108 126 121 120 117 45 44 91 92 116 99 90 89 41 17 18 69 67 66 63 79 80 26 2 4 5 9 10 8 21 20 19 13 14 15 16 42 43 74 76 98 97 96 95 94 93 73 75 78 77 70 68 65 64 62 60 47 48 59 56 55 51 50 58 81 84 85 86 109 107 115 124 122 123 125 127 128 131 133 134 140 142 144 135 30 29 35 36 33 31 32 28 1 3 6 25 46 118 119 72 71 61 87 88 104 105 106 101 100 7 12 11 216700
15 45 117 120 121 124 68 21 19 8 7 9 11 74 75 77 78 89 129 135 138 143 144 142 131 102 95 93 98 99 88 38 39 40 41 18 17 16 14 92 91 76 66 65 64 62 23 22 24 108 109 55 56 48 47 46 107 111 49 51 52 50 32 31 33 34 30 29 27 26 35 36 25 6 5 4 3 1 2 28 82 81 83 84 85 86 110 80 79 104 105 106 136 137 140 141 139 134 133 132 115 57 58 60 59 71 72 70 69 67 63 61 100 96 97 94 119 118 116 73 44 43 13 42 90 122 123 125 126 127 128 130 101 103 87 114 113 112 53 54 37 20 10 12 218950
117 72 71 45 40 38 39 21 18 17 16 15 44 43 42 41 12 9 19 69 65 47 4 3 1 2 28 29 112 113 114 110 80 79 105 106 135 141 142 139 133 101 100 88 33 32 31 34 83 84 85 86 109 108 81 82 27 30 57 56 55 54 53 52 51 50 49 58 48 59 60 61 62 63 64 66 67 68 70 74 75 76 77 89 90 99 98 97 96 95 94 93 92 91 73 46 24 25 26 35 36 103 102 37 23 22 6 5 111 144 143 140 138 137 136 130 128 129 134 132 131 115 107 104 87 78 20 8 7 10 11 13 14 116 119 122 126 127 125 124 123 121 120 118 194650
136 110 106 107 35 36 37 40 61 100 102 137 138 140 142 141 135 133 115 117 118 119 121 123 125 99 87 60 48 46 5 4 3 1 2 34 31 49 51 54 55 56 57 58 83 105 80 79 76 74 75 78 90 89 77 47 26 27 22 7 9 10 11 12 13 14 15 16 17 18 20 8 19 21 41 42 43 44 45 71 72 70 69 68 67 66 65 64 73 91 92 93 94 98 97 95 96 101 103 129 128 127 124 120 116 122 126 130 134 131 88 63 62 39 38 32 33 30 29 28 6 25 24 23 59 81 82 84 85 114 113 112 111 144 143 50 52 53 86 109 108 104 132 139 181550
